0 0.561195 0.162166 0.108526 0.246236
0 0.935594 0.666667 0.120481 0.210204
0 0.923737 0.786043 0.152526 0.172676
0 0.609985 0.713209 0.140391 0.144150
0 0.803158 0.662154 0.052782 0.237234
0 0.729970 0.397902 0.125474 0.171179
0 0.439714 0.312313 0.088632 0.120136
0 0.157917 0.480476 0.134421 0.192200
0 0.239075 0.589342 0.117489 0.163673
0 0.339150 0.584082 0.098571 0.123129
0 0.076774 0.746247 0.123474 0.129138
0 0.142489 0.665170 0.079654 0.123129
0 0.339647 0.795794 0.141398 0.177166
0 0.555722 0.934683 0.103564 0.118617
0 0.453662 0.918923 0.106541 0.156168
