1 0.105531 0.248534 0.127140 0.156159
1 0.173264 0.180966 0.067716 0.111114
1 0.434676 0.340864 0.117626 0.148636
1 0.366951 0.229761 0.098615 0.109614
1 0.455468 0.238773 0.102194 0.097591
1 0.503004 0.135159 0.085540 0.085591
1 0.604595 0.165943 0.081996 0.120114
1 0.588552 0.278545 0.095054 0.090091
1 0.586187 0.466239 0.106942 0.120114
1 0.680045 0.402420 0.097428 0.109614
1 0.744811 0.437716 0.060594 0.108114
1 0.825612 0.441466 0.096259 0.154659
1 0.655099 0.615636 0.099802 0.142636
1 0.726987 0.680205 0.096241 0.091591
1 0.744218 0.590114 0.092680 0.088591
1 0.832734 0.686966 0.072482 0.108114
1 0.356853 0.795818 0.116439 0.169682
1 0.262383 0.719239 0.105737 0.166659
1 0.111475 0.535307 0.139029 0.150159
1 0.226736 0.541318 0.093867 0.132136
1 0.357446 0.645670 0.112878 0.154659
1 0.438246 0.657682 0.089119 0.151636
1 0.452509 0.520295 0.086745 0.120136
1 0.269514 0.383659 0.084353 0.135136
1 0.358633 0.400170 0.074856 0.105114
